Case #1:
1000000000000001  99 13237 812825 3843 2387 473 209 1825 50901851
1000000000000111  1425 5 935 741 1813 25 585 205 11
1000000000001001  73 85 45771 19 19 111 5 703 3
1000000000001101  147 16 5 3 7 64 9 35 11
1000000000010011  9 7 65 63 217 731 513 11315 1001
1000000000011001  51 451 245 3 637 656947 36873 85 23287
1000000000011111  1131 19 45 3 287 3 9 5 33
1000000000100101  135 245 1105 2457 8029 1075 33345 14965 119119
1000000000101011  3 25487 13 21 775 43 57 73 91
1000000000101111  5 85 51 13 37 2925 715 41 453
1000000000110001  3 16 95 3 7 13 9 5 11
1000000000110111  63 91 42949725 560511 9331 149511 37449 11791325 3444441
1000000000111011  17 41 9 29 73 33 127007 17 219
1000000000111101  93 4 15 3 2317 9 9 5 33
1000000001000011  165 305 121975 39 2849 275 2129985 1025 11
1000000001001001  369 203 65 693 217 43 513 25915 109109
1000000001001111  3 11 15 3 7 3 9 5 33
1000000001010101  3 7 13 2793 4495 731 57 73 91
1000000001010111  5 635 153 13 37 75 65 41 51
1000000001011001  319 6665 281 101 5 67 5 13 19
1000000001011011  27 49 2145 3213 3689 145899 513 365 21021
1000000001100001  105 5 85 39 1813 25 585 1435 11
1000000001100111  3 4 15 3 91 9 9 5 4652967
1000000001101011  25 5 51 13 37 75 65 41 3
1000000001101101  3653 7 2925 63 217 963759 14877 52925 3003
1000000001110011  339 4 24435 33 32053 32163 9 5 3729
1000000001110101  5 5 1581 13 2257 7425 65 1517 87
1000000001111001  57 4 15 3 7 3 629703 5 33
1000000001111111  3655 7175 20995 819 8029 1075 683072325 2798455 73073
1000000010000101  33 61 1025 3 2871869 319 32769 33325 11
1000000010010001  27 7 65 1323 217 43 513 4015 1001
1000000010010111  3 4 15 1221 7 27 153 5 60170583
1000000010011101  75 4 135 3 497 15 9 5 561
1000000010100111  35 325 357 403 1591 24225 23725 3731 111
1000000010101001  3 4655 13 21 2015 43 285 73 38857
1000000010110101  63 91 1365 1953 65317 2451 37449 33215 90777687
1000000010111011  195 259 13 21 31 15265 399 73 91
1000000011000001  3 16 385 633 7 64 9 185 11
1000000011000111  10989 61 27675 261 1309 33 5996727 25 33
1000000011001101  87 5 555 51 511 2379 45 55 33
1000000011010011  3 4 915 3 7 123 387 3655 33
1000000011011001  45 7 975 63 217 98685 21033 1825 3003
1000000011011111  21 17 5 3 5537 71 9 35 11
1000000011100011  5 155 153 637 37 8475 1885 41 123
1000000011100101  51 4 15 3 7 9 9 5 33
1000000011110001  3 17 1395 57 91 3 9 5 33
1000000011110111  2201 1655 85 39 259 925 585 6355 11
1000000011111101  27 77 65 6993 667709 43 108243 365 1001
1000000100000011  327 181 5 33 7 32 9 95 11
1000000100001001  3003 61 1025 3 77 11 32769 175 209
